0.000000000000000000e+00 1.013111569338731160e-04 8.460064722895098595e-05 1.019159380250795564e-04 8.466787847233237429e-05 1.032178369837078032e-04 9.081108317777328493e-05 1.026373791439559228e-04
1.176470588235294101e-02 1.011929631873637595e-04 8.449759516251059796e-05 1.018574209329591403e-04 8.456476846016128019e-05 1.030979166266032392e-04 9.070214921427907553e-05 1.025176495942789966e-04
2.352941176470588203e-02 1.008412445037898468e-04 8.419095353882840053e-05 1.014439265404477023e-04 8.425795432700736870e-05 1.027410581386789003e-04 9.037799795546736024e-05 1.021613776261532747e-04
3.529411764705882304e-02 1.002644277407899458e-04 8.368812523570342892e-05 1.008645362719174185e-04 8.375482688101608961e-05 1.021557876418361662e-04 8.984640820980651309e-05 1.015770308059871490e-04
4.705882352941176405e-02 9.947590802931546741e-05 8.300087943647473196e-05 1.000724863388844206e-04 8.306720938066038877e-05 1.013557408860265143e-04 8.911981632021147195e-05 1.007782255170868872e-04
5.882352941176470507e-02 9.849335085314518223e-05 8.214474013739224314e-05 9.908552300676675122e-05 8.221058615537131140e-05 1.003587779670389514e-04 8.821455738157883198e-05 9.978281957660534076e-05
7.058823529411764608e-02 9.733757597763379918e-05 8.113800814728369139e-05 9.792455405933685522e-05 8.120328352438021754e-05 9.918602449989081312e-05 8.714990937699706010e-05 9.861188469653688993e-05
8.235294117647058709e-02 9.603142850948904389e-05 8.000077131653728524e-05 9.661252079732689745e-05 8.006539981384205417e-05 9.786064217079634459e-05 8.594703159041770942e-05 9.728854433198097290e-05
9.411764705882352811e-02 9.459856120454236911e-05 7.875383609364936183e-05 9.517317507398031541e-05 7.881775226696992277e-05 9.642841914992347492e-05 8.462783892164942165e-05 9.583674196430724964e-05
1.058823529411764691e-01 9.306233820085853790e-05 7.741776484272072710e-05 9.365137106298021649e-05 7.748091384783838175e-05 9.486943038989078907e-05 8.321398782026620902e-05 9.428013212525152053e-05
1.176470588235294101e-01 9.146599484814032935e-05 7.601201053856598139e-05 9.202652645188684781e-05 7.607434748561462702e-05 9.322787263130234855e-05 8.172596517682039180e-05 9.266229507453517425e-05
1.294117647058823650e-01 8.978732968704293766e-05 7.455425390488553826e-05 9.034016619083955180e-05 7.461574287598379417e-05 9.152408610571092660e-05 8.018239078891109062e-05 9.096114574065133028e-05
1.411764705882352922e-01 8.806501264422150353e-05 7.305995965901137526e-05 8.860990378716582575e-05 7.312057251310162846e-05 8.977584986216837837e-05 7.859955093840807858e-05 8.921565833641826313e-05
1.529411764705882470e-01 8.631382264082817731e-05 7.154216273396965141e-05 8.685058657341911971e-05 7.160187782664747993e-05 8.799814707497508970e-05 7.700851593134681763e-05 8.744081109592856990e-05
1.647058823529411742e-01 8.452451254253924595e-05 7.002706361064988164e-05 8.505270057575247842e-05 7.007023944685418840e-05 8.618121897422714500e-05 7.538575739321907564e-05 8.564875844593988611e-05
1.764705882352941291e-01 8.274910653762175918e-05 6.849187396902610186e-05 8.326890529266204525e-05 6.854994882092324852e-05 8.437854927680528427e-05 7.375751714105592202e-05 8.382793769097218728e-05
1.882352941176470562e-01 8.097358578083151419e-05 6.695854903571061775e-05 8.148491858661403538e-05 6.701568537135529880e-05 8.257554826988451797e-05 7.213047468213507236e-05 8.202819834822428716e-05
2.000000000000000111e-01 7.920354344348688725e-05 6.543199033742978332e-05 7.970635632494934956e-05 6.548818148501308722e-05 8.077788530314233470e-05 7.049240047994270795e-05 8.023395674434995271e-05
2.117647058823529382e-01 7.744326333849014404e-05 6.390023123730166729e-05 7.793752046836245530e-05 6.395528164303593993e-05 7.898990481789458528e-05 6.888206104884204311e-05 7.844956872765736949e-05
2.235294117647058931e-01 7.569618332325546276e-05 6.239761407887799030e-05 7.618186452197391447e-05 6.245171516211133671e-05 7.721509640420860267e-05 6.728522148203342791e-05 7.667853159151542233e-05
2.352941176470588203e-01 7.396524306419171311e-05 6.091097116354253369e-05 7.444234274841346228e-05 6.096412183352224870e-05 7.545644732088296186e-05 6.570456196311016722e-05 7.492383571243964053e-05
2.470588235294117752e-01 7.225312627936981502e-05 5.944256672968954898e-05 7.272165333241656577e-05 5.949476754690228723e-05 7.371668781535506995e-05 6.414251055633589361e-05 7.318820963906458961e-05
2.588235294117647300e-01 7.056243735661945986e-05 5.799457944145715787e-05 7.102241561006062049e-05 5.804583267195213153e-05 7.199846981984619196e-05 6.260140907098523495e-05 7.147429890152945018e-05
2.705882352941176294e-01 6.889549182419033892e-05 5.656892630764958745e-05 6.934695927468396189e-05 5.661923583834023167e-05 7.030415349987647515e-05 6.108332516350130630e-05 6.978445471671368579e-05
2.823529411764705843e-01 6.725473425094752192e-05 5.516762857638742148e-05 6.769774413997976467e-05 5.521700002992193697e-05 6.863623119425762476e-05 5.959043798978273809e-05 6.812115650020912085e-05
2.941176470588235392e-01 6.564216409781561002e-05 5.379231852869193723e-05 6.607678300536281375e-05 5.384075905264362868e-05 6.699674381438861534e-05 5.812451544151711971e-05 6.648643215387472431e-05
3.058823529411764941e-01 6.405945459041239610e-05 5.244434490478766075e-05 6.448576099611950333e-05 5.249186300951710985e-05 6.538755856198364205e-05 5.668702488343039365e-05 6.488197840774412349e-05
3.176470588235293935e-01 6.250780555807975813e-05 5.112464738928776072e-05 6.292588759315623887e-05 5.117125269660038829e-05 6.380957603860820974e-05 5.527899987668802583e-05 6.330901236794909904e-05
3.294117647058823484e-01 6.098786710155123646e-05 4.983370696525858733e-05 6.139783758642980145e-05 4.987940991861495639e-05 6.226365628713303351e-05 5.390098736951196587e-05 6.176819457680374778e-05
3.411764705882353033e-01 5.949982450898089328e-05 4.857154375763006134e-05 5.990174777918112704e-05 4.861635532628090072e-05 6.074994571143427756e-05 5.255304527973187146e-05 6.025971496244954148e-05
3.529411764705882582e-01 5.804322126929430261e-05 4.733771679054540714e-05 5.843721629053197624e-05 4.738164817088976968e-05 5.926809777422097298e-05 5.123474220378727812e-05 5.878311413699120909e-05
3.647058823529411575e-01 5.661751963092625666e-05 4.613165654993318362e-05 5.700368867154480176e-05 4.617471907088571627e-05 5.781739052188440784e-05 4.994550920785688716e-05 5.733784983632879455e-05
3.764705882352941124e-01 5.522159494177599160e-05 4.495230395671554320e-05 5.560003832784277431e-05 4.499450876130389510e-05 5.639686124823462178e-05 4.868425797379596090e-05 5.592278618617635205e-05
3.882352941176470673e-01 5.385446345258853115e-05 4.379872486097131175e-05 5.422528017253229959e-05 4.384008296667324552e-05 5.500546370200421598e-05 4.745003080682993460e-05 5.453692905359066554e-05
4.000000000000000222e-01 5.251514694658548227e-05 4.266999316303143723e-05 5.287843456714520584e-05 4.271051544897501597e-05 5.364221355341828164e-05 4.624187699476416981e-05 5.317928939732737107e-05
4.117647058823529216e-01 5.120284229719182842e-05 4.156533776649505682e-05 5.155869769280647908e-05 4.160503505018141123e-05 5.230630396061236679e-05 4.505900821630897074e-05 5.184905465708013590e-05
4.235294117647058765e-01 4.991699146871027433e-05 4.048420343048511123e-05 5.026551187463598768e-05 4.052308658068252902e-05 5.099717662460311301e-05 4.390086286099768246e-05 5.054565956019463910e-05
4.352941176470588314e-01 4.865730083386046598e-05 3.942626775105377579e-05 4.899858497666931202e-05 3.946434789052549665e-05 4.971454137015522614e-05 4.276712394565142337e-05 4.926880581031563972e-05
4.470588235294117863e-01 4.742371073350308032e-05 3.839141602644435185e-05 4.775786096802485750e-05 3.842870431434661644e-05 4.845834543538071466e-05 4.165769250054473919e-05 4.801843210376529188e-05
4.588235294117646856e-01 4.621633037455057845e-05 3.737967998578803656e-05 4.654344865262098662e-05 3.741618816893517479e-05 4.722870614832290302e-05 4.057262276328867540e-05 4.679464348215335107e-05
4.705882352941176405e-01 4.503533146557911715e-05 3.639115576507788316e-05 4.535552646923293648e-05 3.642689587118858014e-05 4.602580526738672180e-05 3.951203546392493887e-05 4.559761471698067092e-05
4.823529411764705954e-01 4.388085552623222096e-05 3.542591338972715502e-05 4.419423880046199340e-05 3.546089775327362659e-05 4.484979229074569584e-05 3.847601912095346651e-05 4.442748545025356334e-05
4.941176470588235503e-01 4.275291373861219211e-05 3.448391512628484480e-05 4.305959553803377957e-05 3.451815636393439795e-05 4.370068518385646214e-05 3.746455904699516490e-05 4.328426463719724123e-05
5.058823529411764497e-01 4.165130082620416193e-05 3.356493894919930856e-05 4.195139569528456803e-05 3.359844973102017816e-05 4.257827730850378099e-05 3.647742606751506014e-05 4.216774270930051218e-05
5.176470588235294601e-01 4.057564759747582468e-05 3.266862405745827658e-05 4.086926892895777501e-05 3.270141706802363527e-05 4.148228165766348761e-05 3.551425534658286646e-05 4.107754432619051233e-05
5.294117647058823595e-01 3.952520570877875167e-05 3.179428402476785093e-05 3.981246491436764192e-05 3.182637173055619789e-05 4.041179520376090873e-05 3.457433362295534357e-05 4.001291107083176934e-05
5.411764705882352589e-01 3.849926125191549878e-05 3.094126411804525885e-05 3.878026785936632473e-05 3.097265877448683271e-05 3.936616469879585667e-05 3.365698041723559397e-05 3.897311926568744890e-05
5.529411764705882693e-01 3.749671769268785330e-05 3.010858021793042053e-05 3.777157740578138563e-05 3.013929365611587693e-05 3.834428081820418437e-05 3.276116620558078589e-05 3.795705864006946711e-05
5.647058823529411686e-01 3.651658721663896239e-05 2.929533875362964955e-05 3.678538992882893194e-05 2.932538735392740094e-05 3.734513964253667893e-05 3.188596189920830584e-05 3.696372871250916316e-05
5.764705882352940680e-01 3.555787735168573944e-05 2.850066314119757186e-05 3.582073399367417544e-05 2.853004812667045103e-05 3.636775184778322223e-05 3.103043504399906138e-05 3.599212427660852549e-05
5.882352941176470784e-01 3.461970016453716975e-05 2.772373351577411349e-05 3.487672021416555768e-05 2.775247605849254798e-05 3.541120810102315231e-05 3.019374977402224371e-05 3.504134573854082285e-05
5.999999999999999778e-01 3.370132324054987428e-05 2.696391036959682461e-05 3.395258907349416288e-05 2.699200992927682053e-05 3.447476638509507031e-05 2.937521623490076258e-05 3.411065064638070331e-05
6.117647058823529882e-01 3.280218942184840727e-05 2.622066082374507922e-05 3.304779124595909042e-05 2.624813320726898988e-05 3.355786779321249657e-05 2.857429533464840750e-05 3.319947365756487610e-05
6.235294117647058876e-01 3.192191000044477780e-05 2.549362937652674353e-05 3.216193815206331723e-05 2.552048494520532988e-05 3.266011956248458976e-05 2.779062126892809740e-05 3.230741977936337026e-05
6.352941176470587870e-01 3.106022368765577079e-05 2.478256884342490673e-05 3.129477262652683269e-05 2.480881736138410164e-05 3.178126378140662910e-05 2.702392837937243390e-05 3.143422247853026560e-05
6.470588235294117974e-01 3.021695693236997696e-05 2.408730362360587661e-05 3.044611749133863170e-05 2.411295569209300760e-05 3.092112395229413213e-05 2.627404599986065157e-05 3.057970452700900445e-05
6.588235294117646967e-01 2.939195077027418362e-05 2.340767552452486237e-05 2.961581496413873545e-05 2.343274121285579393e-05 3.007954173019442977e-05 2.554081116760600195e-05 2.974370318933703691e-05
6.705882352941175961e-01 2.858500891211934530e-05 2.274349630726281004e-05 2.880366871172849972e-05 2.276798579489316182e-05 2.925632097764093619e-05 2.482402990013362652e-05 2.892601823944864826e-05
6.823529411764706065e-01 2.779583181678256201e-05 2.209448879523816033e-05 2.800937856045975934e-05 2.211841217492910638e-05 2.845115888861160053e-05 2.412341499188981996e-05 2.812634524828636510e-05
6.941176470588235059e-01 2.702409166825456475e-05 2.146035384502403259e-05 2.723261587294171845e-05 2.148372110515911306e-05 2.766372489553918997e-05 2.343865449297538494e-05 2.734435138533583123e-05
7.058823529411765163e-01 2.626922640684648943e-05 2.084059074791118086e-05 2.647281652575832631e-05 2.086341163284842278e-05 2.689345006797387816e-05 2.276922304477434968e-05 2.657946719759541051e-05
7.176470588235294157e-01 2.553066359867020685e-05 2.023469087928396446e-05 2.572940593651630811e-05 2.025697488241285437e-05 2.613975479065785716e-05 2.211458659764241729e-05 2.583111289347544550e-05
7.294117647058823151e-01 2.480775130391937798e-05 1.964208132658618806e-05 2.500173377886937871e-05 1.966383764376076175e-05 2.540198282746562134e-05 2.147414282104697576e-05 2.509863265486685500e-05
7.411764705882353255e-01 2.409984101585612614e-05 1.906217961710063373e-05 2.428914260827924439e-05 1.908341890028787734e-05 2.467946642226689008e-05 2.084728004637983594e-05 2.438136081878799729e-05
7.529411764705882248e-01 2.340633005268210717e-05 1.849446001780713413e-05 2.359102677004488880e-05 1.851518735380854500e-05 2.397160153144233067e-05 2.023344313873121612e-05 2.367868910070284659e-05
7.647058823529411242e-01 2.272668228721902095e-05 1.793845019195158192e-05 2.290685182621975377e-05 1.795867460690146169e-05 2.327784825318455551e-05 1.963213629979189206e-05 2.299008251220443098e-05
7.764705882352941346e-01 2.206049545687164136e-05 1.739378728926295478e-05 2.223621273325351711e-05 1.741351659063394196e-05 2.259779443484082569e-05 1.904298044328493080e-05 2.231512781765369050e-05
7.882352941176470340e-01 2.140749074600287622e-05 1.686022203473149685e-05 2.157882973793745515e-05 1.687946569199597446e-05 2.193115968615585645e-05 1.846571379421106529e-05 2.165354336871990607e-05
8.000000000000000444e-01 2.076754873555217154e-05 1.633764203354779270e-05 2.093458323773756869e-05 1.635640811754380226e-05 2.127782393206535940e-05 1.790022025853822650e-05 2.100520764753958071e-05
8.117647058823529438e-01 2.014048503001627301e-05 1.582587926836441150e-05 2.030328830694829722e-05 1.584417578566214556e-05 2.063760103647706371e-05 1.734632479901681033e-05 2.036993363385694993e-05
8.235294117647058432e-01 1.952640946515303669e-05 1.532502085001590035e-05 1.968505566895584313e-05 1.534285589731963179e-05 2.001060365447286400e-05 1.680412214526148918e-05 1.974783170231786866e-05
8.352941176470588536e-01 1.892528551194586173e-05 1.483502781897992581e-05 1.907984894011370731e-05 1.485240950372095606e-05 1.939679573164689708e-05 1.627357361066173106e-05 1.913886453836040124e-05
8.470588235294117530e-01 1.833708827020133652e-05 1.435587174451835372e-05 1.848764340273840301e-05 1.437280818861650140e-05 1.879615299324410534e-05 1.575465162407265507e-05 1.854300676423722993e-05
8.588235294117646523e-01 1.776173039623824015e-05 1.388747052223584957e-05 1.790835157407333973e-05 1.390396982620652253e-05 1.820858772886907104e-05 1.524727187966085411e-05 1.796017012628799359e-05
8.705882352941176627e-01 1.719904453007596907e-05 1.342967301002716145e-05 1.734180555291926320e-05 1.344574320756456991e-05 1.763393096690416166e-05 1.475127716075054219e-05 1.739018576075064481e-05
8.823529411764705621e-01 1.664878076599262028e-05 1.298225665414503987e-05 1.678775448359282033e-05 1.299790566536576260e-05 1.707192992956260735e-05 1.426643491362974466e-05 1.683280165808432371e-05
8.941176470588235725e-01 1.611062053294514722e-05 1.254493929974612453e-05 1.624587850994848763e-05 1.256017489205585972e-05 1.652226215461339491e-05 1.379244983008239936e-05 1.628769670686694039e-05
9.058823529411764719e-01 1.558420024830543739e-05 1.211740211305863306e-05 1.571581563218466367e-05 1.213223187670350372e-05 1.598456265628552748e-05 1.332898818221802829e-05 1.575450771134869997e-05
9.176470588235293713e-01 1.506915813961709267e-05 1.169932070725354046e-05 1.519719807603964893e-05 1.171375205083743342e-05 1.545839825481226299e-05 1.287571082868466533e-05 1.523286597398474653e-05
9.294117647058823817e-01 1.456515489906280822e-05 1.129039411185799849e-05 1.468967907202090439e-05 1.130443169263922179e-05 1.494355918423918656e-05 1.243229890621227367e-05 1.472242640172661304e-05
9.411764705882352811e-01 1.407191555763863267e-05 1.089037066253556923e-05 1.419299733289539467e-05 1.090402825194814688e-05 1.443969813436472583e-05 1.199850654109419291e-05 1.422292247585078966e-05
9.529411764705881804e-01 1.358925164998574296e-05 1.049908419600420366e-05 1.370695624697476055e-05 1.051236451285265507e-05 1.394661734044247161e-05 1.157415014241489691e-05 1.373416234522766873e-05
9.647058823529411908e-01 1.311705973168230102e-05 1.011643733596802720e-05 1.323145266007010307e-05 1.012934732939486198e-05 1.346422830814493704e-05 1.115913180099891672e-05 1.325604429759215636e-05
9.764705882352940902e-01 1.265532970402574552e-05 9.742401661045761892e-06 1.276647668069208159e-05 9.754948349907033720e-06 1.299252025449815162e-05 1.075343571700097928e-05 1.278856124109019816e-05
9.882352941176471006e-01 1.220411525133395388e-05 9.377015327651162907e-06 1.231208281768840153e-05 9.389205761904462490e-06 1.253154093029839809e-05 1.035710715277665469e-05 1.233177110818463375e-05
1.000000000000000000e+00 1.176352757018347492e-05 9.020347574938023606e-06 1.186837816357982056e-05 9.032188889195357491e-06 1.208140210973280292e-05 9.970227479614354800e-06 1.188578309023879812e-05
1.011764705882352899e+00 1.133364963490741840e-05 8.672476131149119621e-06 1.143545528489345801e-05 8.683975525377545708e-06 1.164220724120585824e-05 9.592884253845957677e-06 1.145069863799148207e-05
1.023529411764705799e+00 1.091457130571910308e-05 8.333447199286348299e-06 1.101340106286890770e-05 8.344612270508724121e-06 1.121403381244331836e-05 9.225145971934059640e-06 1.102660962691683312e-05
1.035294117647058920e+00 1.050632306970843912e-05 8.003272954320693483e-06 1.060224661106703641e-05 8.014111091345820425e-06 1.079691587913953388e-05 8.867023339963049397e-06 1.061354254756361104e-05
1.047058823529411820e+00 1.010887077313484899e-05 7.697614838376975864e-06 1.020195812544907266e-05 7.692423565335385307e-06 1.039079440606974547e-05 8.518478580693521421e-06 1.021147129794883947e-05
1.058823529411764719e+00 9.722110103193538100e-06 7.369232919288489449e-06 9.812431775792601789e-06 7.379439488523376693e-06 9.995619690275495475e-06 8.179406108112494990e-06 9.820294072435301573e-06
1.070588235294117618e+00 9.345882578477724751e-06 7.065098987660497816e-06 9.433507811568919035e-06 7.075000975620796231e-06 9.611199017611830232e-06 7.849644081797657185e-06 9.439853954524495160e-06
1.082352941176470518e+00 8.979979750290362914e-06 6.769301209651870810e-06 9.064978112833552246e-06 6.778906079226073241e-06 9.237330130318379654e-06 7.528989864401064924e-06 9.069942694440325258e-06
1.094117647058823639e+00 8.624177655000464485e-06 6.481623842111638732e-06 8.706615548605372610e-06 6.490939064473672908e-06 8.873782831114987834e-06 7.217223280690873817e-06 8.710335502150165062e-06
1.105882352941176539e+00 8.278256260570110930e-06 6.201852405981586572e-06 8.358205471093697005e-06 6.210887569842870012e-06 8.520333432692043407e-06 6.914126725989967923e-06 8.360810447839089421e-06
1.117647058823529438e+00 7.942022843498271689e-06 5.929802704314563501e-06 8.019552255622367168e-06 5.938563299004214991e-06 8.176785608573833159e-06 6.619506750231090099e-06 8.021171896409729399e-06
1.129411764705882337e+00 7.615324304569000977e-06 5.665319503707926328e-06 7.690502965842580048e-06 5.673813222487174067e-06 7.842982902891734411e-06 6.333205601480756500e-06 7.691262789270380504e-06
1.141176470588235237e+00 7.298051074939704947e-06 5.408288860626980767e-06 7.370948442300557978e-06 5.416523565799594417e-06 7.518812713180595650e-06 6.055105147884978316e-06 7.370968459922848605e-06
1.152941176470588136e+00 6.990123619373027824e-06 5.158627351935474883e-06 7.060863413941889385e-06 5.166609024489543883e-06 7.204211643404832176e-06 5.785117931168066401e-06 7.060202854279439717e-06
1.164705882352941257e+00 6.691503363627289553e-06 4.916282880900457425e-06 6.760113566351397713e-06 4.924021939755197485e-06 6.899100343979523952e-06 5.523188030604681470e-06 6.758919923469744303e-06
1.176470588235294157e+00 6.402133288959802385e-06 4.681195532406447550e-06 6.468624125873987598e-06 4.688700579473604265e-06 6.603419442540286920e-06 5.269243054398372294e-06 6.467052256901555519e-06
1.188235294117647056e+00 6.121926102004387441e-06 4.453290775471710413e-06 6.186468934445620797e-06 4.460570685155272549e-06 6.317133456665846106e-06 5.023199017771619661e-06 6.184501482155362691e-06
1.199999999999999956e+00 5.850766552179046419e-06 4.232460234661967350e-06 5.913383354652613865e-06 4.239524162552670368e-06 6.040064418871513346e-06 4.784925846343328366e-06 5.911135421627994981e-06
1.211764705882352855e+00 5.588454868673936809e-06 4.018537278538671936e-06 5.649218069149059437e-06 4.025394637134843788e-06 5.772034463271571614e-06 4.554245520439134394e-06 5.646747454220486970e-06
1.223529411764705976e+00 5.334733556034710670e-06 3.811309107611716544e-06 5.393714379605613613e-06 3.817969295537183020e-06 5.512771181375017418e-06 4.330909657725754870e-06 5.391052968184845038e-06
1.235294117647058876e+00 5.089274509164227289e-06 3.610507627023849295e-06 5.146543031299263208e-06 3.616980220535527353e-06 5.261942078146477336e-06 4.114616518099864711e-06 5.143707154864790033e-06
1.247058823529411775e+00 4.851695360422740344e-06 3.415824677040622452e-06 4.907320625832238004e-06 3.422119262307157033e-06 5.019157558584534620e-06 3.905018562176265103e-06 4.904306991484697078e-06
1.258823529411764675e+00 4.621588872993110778e-06 3.226930326139381464e-06 4.675630749518328488e-06 3.233057344010961739e-06 4.783995174873663584e-06 3.701747105936466654e-06 4.672420274975671842e-06
1.270588235294117574e+00 4.398522398475434133e-06 3.043498837355958475e-06 4.451052761439630951e-06 3.049463835389248888e-06 4.556031536524887816e-06 3.504419819533672541e-06 4.447595637194017705e-06
1.282352941176470695e+00 4.182093440221988781e-06 2.865216915337292499e-06 4.233169031514871914e-06 2.871030499452894446e-06 4.334848473734666782e-06 3.312688458689515224e-06 4.229412805912777397e-06
1.294117647058823595e+00 3.971954795757847013e-06 2.691820107453470513e-06 4.021637998915745685e-06 2.697495838763508244e-06 4.120080513431971225e-06 3.126239989298858986e-06 4.017490979591239653e-06
1.305882352941176494e+00 3.767798453188954789e-06 2.523105453640611669e-06 3.816147829712235643e-06 2.528648466973916863e-06 3.911429878320150191e-06 2.944832139168970754e-06 3.811506982984494086e-06
1.317647058823529393e+00 3.569390259430371513e-06 2.358923527551275180e-06 3.616459991146908805e-06 2.364341819298755868e-06 3.708654355329798076e-06 2.768273327246100920e-06 3.611205541720883404e-06
1.329411764705882293e+00 3.376542807040969445e-06 2.199172304880997656e-06 3.422385989896145973e-06 2.204473284365079135e-06 3.511563830076242126e-06 2.596430503652808757e-06 3.416389906139371262e-06
1.341176470588235192e+00 3.189121235779827386e-06 2.043801128211828209e-06 3.233795526697045365e-06 2.048991577340279852e-06 3.320024979395657621e-06 2.429223006798154688e-06 3.226914507334394816e-06
1.352941176470588314e+00 3.007039531413033281e-06 1.892795715223839391e-06 3.050579492170048429e-06 1.897881788603324071e-06 3.133944491150226695e-06 2.266596359760982507e-06 3.042660579319552859e-06
1.364705882352941213e+00 2.830195337429633266e-06 1.746137172623924524e-06 2.872650087993278621e-06 1.751124234277856115e-06 2.953221922217319492e-06 2.108513668888112606e-06 2.863533791058433475e-06
1.376470588235294112e+00 2.658483809337853563e-06 1.603800078126335884e-06 2.699892741094303574e-06 1.608692667374465564e-06 2.777748836805543382e-06 1.954921171153913454e-06 2.689414992949165000e-06
1.388235294117647012e+00 2.491764930472462335e-06 1.465733654306007278e-06 2.532168816093226605e-06 1.470535434279503024e-06 2.607387438794906726e-06 1.805743233518050588e-06 2.520163828770965681e-06
1.399999999999999911e+00 2.329867183084069280e-06 1.331853243553087755e-06 2.369301408777331816e-06 1.336566966940216804e-06 2.441961698719265494e-06 1.660871107425528985e-06 2.355605364093437818e-06
1.411764705882353033e+00 2.172583160197017393e-06 1.202039109376910795e-06 2.211076484246346114e-06 1.206666606135674576e-06 2.281257008746476140e-06 1.520161939273820732e-06 2.195529181100544360e-06
1.423529411764705932e+00 2.019671594238704463e-06 1.076142686892142113e-06 2.057250124768449997e-06 1.080684877887251735e-06 2.125028302778485481e-06 1.383445383216169741e-06 2.039698581951538993e-06
1.435294117647058831e+00 1.870876975542117994e-06 9.539958031769562089e-07 1.907561729744927931e-06 9.584527977807458341e-07 1.973011535568077489e-06 1.250535879935077317e-06 1.887864345964087716e-06
1.447058823529411731e+00 1.725952352116211466e-06 8.354243588668069631e-07 1.761760795790545372e-06 8.398079792938186051e-07 1.824960251407595446e-06 1.121251365812031044e-06 1.739785690956920251e-06
1.458823529411764630e+00 1.584667175960256143e-06 7.202988407298071198e-07 1.619614435791556183e-06 7.245950682648559987e-07 1.680630730057219123e-06 9.954272267774560824e-07 1.595246096238503005e-06
1.470588235294117752e+00 1.446838033790098426e-06 6.084832003515561750e-07 1.480933170090367746e-06 6.126907110307445969e-07 1.539831629844007688e-06 8.729315735518106354e-07 1.454073672305025222e-06
1.482352941176470651e+00 1.312323572394194180e-06 4.998890597692914024e-07 1.345573319672508976e-06 5.040046482560962684e-07 1.402421709444533041e-06 7.536761399158140671e-07 1.316143731117270772e-06
1.494117647058823550e+00 1.181058346483134991e-06 3.944941312317969559e-07 1.213466238840614169e-06 3.985140859588206315e-07 1.268329382472899193e-06 6.376318136135457064e-07 1.181415842318462688e-06
1.505882352941176450e+00 1.053015149243843760e-06 2.922703895138886331e-07 1.084582973769448673e-06 2.961906684512493334e-07 1.137507548098242242e-06 5.247909277951465185e-07 1.049862295944232962e-06
1.517647058823529349e+00 9.281952704412811444e-07 1.932519693798566987e-07 9.589228063934323789e-07 1.970714961787045802e-07 1.009968690749392068e-06 4.151922037464440773e-07 9.215254701678139019e-07
1.529411764705882248e+00 8.066426270195614607e-07 9.747795548581565753e-08 8.365315573779204490e-07 1.013685127269234397e-07 8.857485052565992382e-07 3.088904900583088341e-07 7.964657205662135432e-07
1.541176470588235370e+00 6.884000326863269284e-07 4.987174253808483847e-09 7.174445541006853770e-07 8.766084691610586407e-09 7.648840710294156557e-07 2.059330550633964550e-07 6.747516329993010635e-07
1.552941176470588269e+00 5.734973547661007794e-07 -8.420143247089039716e-08 6.016978213855878519e-07 -8.070084490064358721e-08 6.474031076621914932e-07 1.063517639181485751e-07 5.564211801416757311e-07
1.564705882352941169e+00 4.619374271718129071e-07 -1.700931702227925824e-07 4.892858248920459207e-07 -1.667052151120069206e-07 5.332969532586825939e-07 1.016778971134959423e-08 4.415029328110864814e-07
1.576470588235294068e+00 3.536826433894497945e-07 -2.527320658779602249e-07 3.801808131046892933e-07 -2.494586642392314156e-07 4.225323271752949338e-07 -8.266247780806780295e-08 3.299764515904522525e-07
1.588235294117646967e+00 2.486721649282714314e-07 -3.321973021851502092e-07 2.743075580253695450e-07 -3.290405906160034500e-07 3.150398020462911616e-07 -1.721899944908466595e-07 2.218009779349875627e-07
1.600000000000000089e+00 1.468009362361534192e-07 -4.085858339489141294e-07 1.715701264535754768e-07 -4.055600908293968168e-07 2.107112651106612498e-07 -2.585381646937964762e-07 1.168748452699099466e-07
1.611764705882352988e+00 4.794867396345742707e-08 -4.820509071312289218e-07 7.184619682527297842e-08 -4.791469496197785034e-07 1.094127087403473886e-07 -3.418206737318071171e-07 1.509897514818628699e-08
1.623529411764705888e+00 -4.800998461827383867e-08 -5.527195539891390381e-07 -2.498910331084929542e-08 -5.499368111872880230e-07 1.102200551012932734e-08 -4.221664726655008576e-07 -8.364660045648863340e-08
1.635294117647058787e+00 -1.411882985910099886e-07 -6.207181636429194696e-07 -1.190486768180950315e-07 -6.180575922985919950e-07 -8.457988028152443155e-08 -4.996972342280222020e-07 -1.794664633550038290e-07
1.647058823529411686e+00 -2.316676684443154408e-07 -6.861505397201921287e-07 -2.104134514035339748e-07 -6.836205035098123503e-07 -1.774737461758965261e-07 -5.745086738687252273e-07 -2.724321683048368754e-07
1.658823529411764808e+00 -3.195203840396346916e-07 -7.491077350264578732e-07 -2.991562798137619051e-07 -7.466937601096009866e-07 -2.677356863329575957e-07 -6.466866005043075124e-07 -3.626208585958212288e-07
1.670588235294117707e+00 -4.047376114729212313e-07 -8.096282872792525328e-07 -3.852718094341775537e-07 -8.073448798562857683e-07 -3.553626754819238318e-07 -7.162553189566417031e-07 -4.500210472104658120e-07
1.682352941176470607e+00 -4.873206862769742142e-07 -8.677276046087577542e-07 -4.687464272014945479e-07 -8.655670526303256435e-07 -4.403320651343604419e-07 -7.832262450268009599e-07 -5.346224939898408984e-07
1.694117647058823506e+00 -5.672194447990861851e-07 -9.233997829343000784e-07 -5.495356760259760859e-07 -9.213649725829683842e-07 -5.226159973923912836e-07 -8.475841849527359428e-07 -6.163785700266052174e-07
1.705882352941176405e+00 -6.443789703753056607e-07 -9.766360384516705418e-07 -6.275815364303384492e-07 -9.747265201358924830e-07 -6.021486970512236428e-07 -9.093037069372493872e-07 -6.952358493886533924e-07
1.717647058823529305e+00 -7.187482949870554933e-07 -1.027420459697281435e-06 -7.028326210828274668e-07 -1.025631430789708569e-06 -6.788765000724457329e-07 -9.683605089115177906e-07 -7.711454987907821187e-07
1.729411764705882426e+00 -7.902954056912573782e-07 -1.075755025400671093e-06 -7.752551304703980377e-07 -1.074084847283252476e-06 -7.527706807597075183e-07 -1.024753622443086135e-06 -8.440787454309868531e-07
1.741176470588235325e+00 -8.590185119463707185e-07 -1.121666742850259347e-06 -8.448458551746474440e-07 -1.120113294092598092e-06 -8.238147752517660114e-07 -1.078502950744329603e-06 -9.140433258522653762e-07
1.752941176470588225e+00 -9.249538737342385471e-07 -1.165211981051132443e-06 -9.116381375569945139e-07 -1.163773545573903831e-06 -8.920474469462088028e-07 -1.129662802839188699e-06 -9.810645834499377341e-07
1.764705882352941124e+00 -9.881704711819069445e-07 -1.206478126116353388e-06 -9.757008677429377897e-07 -1.205152304296001072e-06 -9.575385914316061222e-07 -1.178320433135104628e-06 -1.045235601229398583e-06
1.776470588235294024e+00 -1.048773094784718679e-06 -1.245577452528996145e-06 -1.037142714606041201e-06 -1.244361885762405054e-06 -1.020390022058529997e-06 -1.224590118681582677e-06 -1.106661602176905768e-06
1.788235294117647145e+00 -1.106890440828365389e-06 -1.282643715462991047e-06 -1.096077414949571362e-06 -1.281536079273557380e-06 -1.080724080747426514e-06 -1.268608945276448856e-06 -1.165473675783203095e-06
1.800000000000000044e+00 -1.162639661464318555e-06 -1.317796631374305411e-06 -1.152647201519745768e-06 -1.316794413848126250e-06 -1.138675201841815368e-06 -1.310503463387680578e-06 -1.221813195480349846e-06
1.811764705882352944e+00 -1.216150188818402639e-06 -1.351166429013120075e-06 -1.206959063577657933e-06 -1.350257156145762329e-06 -1.194365382787078841e-06 -1.350407854340214943e-06 -1.275799844361910066e-06
1.823529411764705843e+00 -1.267522815675567225e-06 -1.382856286006591568e-06 -1.259119395005099870e-06 -1.382047308151922711e-06 -1.247874423220286820e-06 -1.388430882547565212e-06 -1.327544936974188633e-06
1.835294117647058743e+00 -1.316836072019338632e-06 -1.412948624767116918e-06 -1.309207299757399713e-06 -1.412237411403748714e-06 -1.299288465831998298e-06 -1.424655306027199253e-06 -1.377150111443975812e-06
1.847058823529411864e+00 -1.364127669768814419e-06 -1.441488685782124409e-06 -1.357259346720369575e-06 -1.440872641166607578e-06 -1.348652969913185234e-06 -1.459129854630210741e-06 -1.424640560804839957e-06
1.858823529411764763e+00 -1.409409062919314138e-06 -1.468497355654662489e-06 -1.403286157230376918e-06 -1.467973917661146170e-06 -1.395971684873451528e-06 -1.491876173647981187e-06 -1.470040646133404897e-06
1.870588235294117663e+00 -1.452666282166929822e-06 -1.493972944538182621e-06 -1.447276080969121041e-06 -1.493541146126232625e-06 -1.441231204773449682e-06 -1.522894351538328409e-06 -1.513345101034269046e-06
1.882352941176470562e+00 -1.493882732264311593e-06 -1.517907495996886082e-06 -1.489207431406434602e-06 -1.517563895761186038e-06 -1.484389781940375785e-06 -1.552176677059901888e-06 -1.554534260389662346e-06
1.894117647058823461e+00 -1.533041264444526015e-06 -1.540292945542400115e-06 -1.529085619528875228e-06 -1.540031353757917237e-06 -1.525477633296875640e-06 -1.579702763315835777e-06 -1.593602677925851427e-06
1.905882352941176361e+00 -1.570130001116633150e-06 -1.561124774296058607e-06 -1.566852471791944513e-06 -1.560944980996015309e-06 -1.564435890299110169e-06 -1.605484683410787628e-06 -1.630541276633596431e-06
1.917647058823529482e+00 -1.605169293486350644e-06 -1.580426392986792072e-06 -1.602553182391514843e-06 -1.580325716009523444e-06 -1.601299852748792496e-06 -1.629542599349071248e-06 -1.665377203499477508e-06
1.929411764705882382e+00 -1.638209727382495798e-06 -1.598243465265316784e-06 -1.636236836499102415e-06 -1.598316966570244325e-06 -1.636117976748645497e-06 -1.651926395048837321e-06 -1.698164493732799914e-06
1.941176470588235281e+00 -1.669325530315059534e-06 -1.614642159292159353e-06 -1.667982531658657274e-06 -1.614696022627463950e-06 -1.668969102560096692e-06 -1.672708508909731426e-06 -1.728982166753332876e-06
1.952941176470588180e+00 -1.698631681852095207e-06 -1.629723466425691692e-06 -1.697894547133406308e-06 -1.629844214840519398e-06 -1.699954173191546465e-06 -1.691995175030781208e-06 -1.757950200890267970e-06
1.964705882352941080e+00 -1.726253183613617132e-06 -1.643585797042367810e-06 -1.726090148648356844e-06 -1.643775265014499082e-06 -1.729202264774122104e-06 -1.709893361041068482e-06 -1.785186689335221726e-06
1.976470588235294201e+00 -1.752290432674390859e-06 -1.656335250415178594e-06 -1.752699712841967669e-06 -1.656591035100651160e-06 -1.756832465458047238e-06 -1.726524877511055463e-06 -1.810819258851749511e-06
1.988235294117647101e+00 -1.776868921894086374e-06 -1.668069696943430527e-06 -1.777835789731587718e-06 -1.668389480889228892e-06 -1.782959971461890533e-06 -1.741980022829660261e-06 -1.834966256285697222e-06
2.000000000000000000e+00 -1.800083351496277440e-06 -1.678869505297310631e-06 -1.801589353647829919e-06 -1.679251048170812501e-06 -1.807680265841386579e-06 -1.756353376748080750e-06 -1.857726048316836337e-06
2.011764705882352899e+00 -1.822001460530539601e-06 -1.688791218837284387e-06 -1.824030429248971124e-06 -1.689232344745603583e-06 -1.831061560192570009e-06 -1.769706825818169512e-06 -1.879169519868163256e-06
2.023529411764705799e+00 -1.842661259510095442e-06 -1.697865216737097712e-06 -1.845197307438206570e-06 -1.698363799699475135e-06 -1.853141978111471135e-06 -1.782066389909698985e-06 -1.899337288631178163e-06
2.035294117647058698e+00 -1.862073263547597935e-06 -1.706097693847409089e-06 -1.865100366225568258e-06 -1.706803782311741018e-06 -1.873931817963441187e-06 -1.793457049581539585e-06 -1.918241972598900902e-06
2.047058823529411598e+00 -1.880221353302930397e-06 -1.713471281903210387e-06 -1.883723337287641712e-06 -1.714235657622147286e-06 -1.893420408094210466e-06 -1.803860045341031146e-06 -1.935869042385251021e-06
2.058823529411764497e+00 -1.897096317648853172e-06 -1.719974774117478197e-06 -1.901056983896442303e-06 -1.720633287805480087e-06 -1.911580060768292474e-06 -1.813257723475763925e-06 -1.952210846227266438e-06
2.070588235294117840e+00 -1.912672541260932463e-06 -1.725582003737893689e-06 -1.917075793991837038e-06 -1.726289751195632720e-06 -1.928402939757802900e-06 -1.821615631779802787e-06 -1.967242879303198613e-06
2.082352941176470740e+00 -1.926941691216239320e-06 -1.730281674455086229e-06 -1.931771422378380380e-06 -1.731207291272943790e-06 -1.943874420167410657e-06 -1.828943762240959809e-06 -1.980957961418048916e-06
2.094117647058823639e+00 -1.939915842052276254e-06 -1.734079962981219055e-06 -1.945156159423438042e-06 -1.734880229788424903e-06 -1.958012519990472816e-06 -1.835250790684353950e-06 -1.993369373631194570e-06
2.105882352941176539e+00 -1.951632259329541452e-06 -1.737004629213710661e-06 -1.957267471359348368e-06 -1.737848287098133261e-06 -1.970838278548126016e-06 -1.840550837647451728e-06 -2.004515696413453520e-06
2.117647058823529438e+00 -1.962153414209838675e-06 -1.739105174321748989e-06 -1.968168321243254970e-06 -1.739990403952667787e-06 -1.982426555212097204e-06 -1.844897830217522798e-06 -2.014460864039253477e-06
2.129411764705882337e+00 -1.971562762407751623e-06 -1.740449196210390959e-06 -1.977942729555823908e-06 -1.741374230622837593e-06 -1.992862348035947033e-06 -1.848383436166889428e-06 -2.023289881400002627e-06
2.141176470588235237e+00 -1.979956575539165925e-06 -1.741115309667524742e-06 -1.986687660809655599e-06 -1.742078477427069962e-06 -2.002243712245561872e-06 -1.851083750726991094e-06 -2.031100591024117618e-06
2.152941176470588136e+00 -1.987433564360420580e-06 -1.741184253292983932e-06 -1.994502387383208719e-06 -1.742183966394641002e-06 -2.010689682565693626e-06 -1.853082146456528229e-06 -2.037993198454422490e-06
2.164705882352941035e+00 -1.994080170943108037e-06 -1.740726104400533240e-06 -2.001475503594717071e-06 -1.741760860035494807e-06 -2.018259112676569820e-06 -1.854465234531441472e-06 -2.044055441773348790e-06
2.176470588235293935e+00 -1.999975676367124174e-06 -1.739805007588345174e-06 -2.007683929086378197e-06 -1.740873347735916110e-06 -2.025040842080915169e-06 -1.855293584629403147e-06 -2.049367675307317076e-06
2.188235294117647278e+00 -2.005176611761820852e-06 -1.738461016478606435e-06 -2.013181121889978863e-06 -1.739562883878645458e-06 -2.031090115632022691e-06 -1.855614279059871983e-06 -2.053982094112426470e-06
2.200000000000000178e+00 -2.009684454483089721e-06 -1.736701771027063125e-06 -2.017980315236343632e-06 -1.737832106274108445e-06 -2.036421765619061828e-06 -1.855435738475440117e-06 -2.057912767981786216e-06
2.211764705882353077e+00 -2.013499339273707800e-06 -1.734516616759500566e-06 -2.022080881329734764e-06 -1.735677502804848039e-06 -2.041032792001390798e-06 -1.854752493431618502e-06 -2.061157232273095843e-06
2.223529411764705976e+00 -2.016612917327255888e-06 -1.731891693897511379e-06 -2.025458943893454334e-06 -1.733080802427818980e-06 -2.044900115912233091e-06 -1.853540796638819214e-06 -2.063692260789367491e-06
2.235294117647058876e+00 -2.018988715477018780e-06 -1.728793553169141980e-06 -2.028091361667438257e-06 -1.730009586423168130e-06 -2.048001854880092508e-06 -1.851777515005701658e-06 -2.065494828526556594e-06
2.247058823529411775e+00 -2.020597011563698770e-06 -1.725192385560511587e-06 -2.029945278412427078e-06 -1.726434056604368785e-06 -2.050304144740529016e-06 -1.849429188081953644e-06 -2.066531272983343390e-06
2.258823529411764675e+00 -2.021418441740024854e-06 -1.721067450050815207e-06 -2.031001428810645901e-06 -1.722333489190794008e-06 -2.051787870076790558e-06 -1.846474997537870433e-06 -2.066781955139171464e-06
2.270588235294117574e+00 -2.021451912187426037e-06 -1.716413889622536686e-06 -2.031256639302061137e-06 -1.717703051516293089e-06 -2.052452264767509146e-06 -1.842911186877901254e-06 -2.066245645019814319e-06
2.282352941176470473e+00 -2.020718539858429351e-06 -1.711246143628270183e-06 -2.030736996226127985e-06 -1.712557257747346890e-06 -2.052319192795199167e-06 -1.838754329759950235e-06 -2.064943541005855321e-06
2.294117647058823373e+00 -2.019263567977232882e-06 -1.705598306367104949e-06 -2.029484139480340491e-06 -1.706930174091488553e-06 -2.051433314302480440e-06 -1.834044553744183324e-06 -2.062919500753448709e-06
2.305882352941176272e+00 -2.017147286849243632e-06 -1.699523369112015613e-06 -2.027563686621164474e-06 -1.700874897879385145e-06 -2.049861220014640956e-06 -1.828831551471886886e-06 -2.060239333538312354e-06
2.317647058823529616e+00 -2.014443292291945213e-06 -1.693077201125408656e-06 -2.025045319512693642e-06 -1.694447344676764538e-06 -2.047673318295266246e-06 -1.823181605505889418e-06 -2.056972186115154199e-06
2.329411764705882515e+00 -2.011227432998015610e-06 -1.686318762885994488e-06 -2.022001027433149244e-06 -1.687706513345255890e-06 -2.044943048206103854e-06 -1.817166074451273225e-06 -2.053190568878660919e-06
2.341176470588235414e+00 -2.007562433353034911e-06 -1.679313604155976635e-06 -2.018510540237647310e-06 -1.680718265352550079e-06 -2.041751121019183303e-06 -1.810826097476235169e-06 -2.048974422606401008e-06
2.352941176470588314e+00 -2.003513300296671521e-06 -1.672101276009899718e-06 -2.014623444606134311e-06 -1.673521540148909180e-06 -2.038147199700766266e-06 -1.804234177356251061e-06 -2.044372492954529497e-06
2.364705882352941213e+00 -1.999107286974627040e-06 -1.664706755150174247e-06 -2.010372055779050306e-06 -1.666141989224361218e-06 -2.034164967858524660e-06 -1.797407986153804983e-06 -2.039417684293901054e-06
2.376470588235294112e+00 -1.994354086920201784e-06 -1.657136057815712652e-06 -2.005766515100654306e-06 -1.658585430591103395e-06 -2.029814629809907545e-06 -1.790354256558222579e-06 -2.034119587918614156e-06
2.388235294117647012e+00 -1.989242515979274810e-06 -1.649377057815598424e-06 -2.000795707174028597e-06 -1.650839742818911554e-06 -2.025085175811150942e-06 -1.783060920813526265e-06 -2.028466702839778381e-06
2.399999999999999911e+00 -1.983745961055795250e-06 -1.641404364697485702e-06 -1.995433018517539788e-06 -1.642879565076103437e-06 -2.019949936157829143e-06 -1.775501744644218065e-06 -2.022431943038920998e-06
2.411764705882352811e+00 -1.977830363434279790e-06 -1.633186381878478334e-06 -1.989644340497454285e-06 -1.634673184361973305e-06 -2.014373748818363206e-06 -1.767654676014427669e-06 -2.015980694783608715e-06
2.423529411764705710e+00 -1.971463251435656454e-06 -1.624692768653897690e-06 -1.983397068917045611e-06 -1.626190354824615524e-06 -2.008326274442218665e-06 -1.759467160843795733e-06 -2.009079978597283126e-06
2.435294117647058609e+00 -1.964621152515294051e-06 -1.615902153731534855e-06 -1.976668884783628143e-06 -1.617408690642417039e-06 -2.001783711424957631e-06 -1.750914973429678043e-06 -2.001705947011983303e-06
2.447058823529411953e+00 -1.957299231012971198e-06 -1.606805391602234056e-06 -1.969451851792407251e-06 -1.608321942943348741e-06 -1.994738223334141361e-06 -1.742015750426352094e-06 -1.993853468904463750e-06
2.458823529411764852e+00 -1.949513160707668095e-06 -1.597416990081695858e-06 -1.961764548606908999e-06 -1.598941754826140992e-06 -1.987209078886953936e-06 -1.732770773563127113e-06 -1.985538280036073265e-06
2.470588235294117752e+00 -1.941303834573914040e-06 -1.587769519517472477e-06 -1.953647508019277398e-06 -1.589296923305394903e-06 -1.979236974608797852e-06 -1.723217490146434204e-06 -1.976796110366833390e-06
2.482352941176470651e+00 -1.932713533619975182e-06 -1.577897550638732690e-06 -1.945143263196411420e-06 -1.579436322494155540e-06 -1.970865538038997164e-06 -1.713390405763015966e-06 -1.967685953478269950e-06
2.494117647058823550e+00 -1.923808683527341914e-06 -1.567856980663275147e-06 -1.936318823091652971e-06 -1.569401371900524727e-06 -1.962162600155423237e-06 -1.703350683530200067e-06 -1.958258510595791125e-06
2.505882352941176450e+00 -1.914649028670596649e-06 -1.557701609835040171e-06 -1.927238900731221121e-06 -1.559249241576105478e-06 -1.953193716221684896e-06 -1.693156331423736948e-06 -1.948584836341669283e-06
2.517647058823529349e+00 -1.905302328567302615e-06 -1.547477486924015401e-06 -1.917956644491548419e-06 -1.549031998773774275e-06 -1.944015699944297557e-06 -1.682856420253795747e-06 -1.938720841165394901e-06
2.529411764705882248e+00 -1.895814778301886726e-06 -1.537226028918762502e-06 -1.908513475153372984e-06 -1.538784410075463835e-06 -1.934678699571589058e-06 -1.672494801570285222e-06 -1.928715527486018137e-06
2.541176470588235148e+00 -1.886199081138967180e-06 -1.526968774847009621e-06 -1.898963534118894217e-06 -1.528529570510995249e-06 -1.925210311907574239e-06 -1.662094967627909118e-06 -1.918596014737560167e-06
2.552941176470588047e+00 -1.876466283591132366e-06 -1.516701234411879563e-06 -1.889286755440416455e-06 -1.518264487546703190e-06 -1.915608319268908108e-06 -1.651654305698625306e-06 -1.908361096094977515e-06
2.564705882352941391e+00 -1.866602527366525986e-06 -1.506413161510996004e-06 -1.879474350472905361e-06 -1.507978223607463118e-06 -1.905862512084234463e-06 -1.641161971222097613e-06 -1.897999744703743983e-06
2.576470588235294290e+00 -1.856581190728283052e-06 -1.496079105894567453e-06 -1.869498884737185512e-06 -1.497645749526007148e-06 -1.895945328321107040e-06 -1.630591829069745549e-06 -1.887484512553494176e-06
2.588235294117647189e+00 -1.846368804912397777e-06 -1.485669845470909458e-06 -1.859328318248101827e-06 -1.487236412713934931e-06 -1.885824627814761717e-06 -1.619915101709305581e-06 -1.876783470667475028e-06
2.600000000000000089e+00 -1.835931941661494618e-06 -1.475153072558254955e-06 -1.848927947067067054e-06 -1.476719349218666186e-06 -1.875465094043303172e-06 -1.609095896628348646e-06 -1.865861200260721471e-06
2.611764705882352988e+00 -1.825247529886463230e-06 -1.464503094662802558e-06 -1.838274813661408481e-06 -1.466072668982371860e-06 -1.864843933914919608e-06 -1.598107457292044726e-06 -1.854695084053717095e-06
2.623529411764705888e+00 -1.814301949684009297e-06 -1.453718888466745925e-06 -1.827355010798080508e-06 -1.455282497679932191e-06 -1.853947660536938033e-06 -1.586952623209705656e-06 -1.843271491192797215e-06
2.635294117647058787e+00 -1.803116673670877375e-06 -1.442804325904823141e-06 -1.816192807926906385e-06 -1.444365609825196400e-06 -1.842797851055228345e-06 -1.575634869629363653e-06 -1.831612271779191650e-06
2.647058823529411686e+00 -1.791715811062262431e-06 -1.431782171080257868e-06 -1.804807522955028838e-06 -1.433340703002703363e-06 -1.831419064235326575e-06 -1.564179131300194821e-06 -1.819741910835926130e-06
2.658823529411764586e+00 -1.780142384966352701e-06 -1.420688197212495019e-06 -1.793243235329391490e-06 -1.422242984620762264e-06 -1.819855957803255681e-06 -1.552623649789001123e-06 -1.807704127191903476e-06
2.670588235294117485e+00 -1.768449149155989766e-06 -1.409565261877185735e-06 -1.781559084995018747e-06 -1.411115975178105151e-06 -1.808166720562328323e-06 -1.541015589250172721e-06 -1.795552344583358513e-06
2.682352941176470384e+00 -1.756690073630735609e-06 -1.398458111114849641e-06 -1.769802834630448835e-06 -1.400004265041953174e-06 -1.796400446473650232e-06 -1.529412617852895102e-06 -1.783341255208460505e-06
2.694117647058823728e+00 -1.744912937576222365e-06 -1.387405925122052837e-06 -1.758024840697047390e-06 -1.388947082679263311e-06 -1.784606609175765661e-06 -1.517827003536640385e-06 -1.771119289454664901e-06
2.705882352941176627e+00 -1.733152685916260504e-06 -1.376436783577075274e-06 -1.746260345972058347e-06 -1.377972548976616205e-06 -1.772820866795932171e-06 -1.506329195964994786e-06 -1.758921982263434995e-06
2.717647058823529527e+00 -1.721427479911695433e-06 -1.365564460144353405e-06 -1.734527609316948469e-06 -1.367094263868951672e-06 -1.761039293727268287e-06 -1.494904282948101071e-06 -1.746767773060009146e-06
2.729411764705882426e+00 -1.709735277350519468e-06 -1.354784456357673932e-06 -1.722824965685794378e-06 -1.356308356867151534e-06 -1.749300943267219473e-06 -1.483548286202398837e-06 -1.734654351955017570e-06
2.741176470588235325e+00 -1.698060108300312799e-06 -1.344081385424252860e-06 -1.711135815753935365e-06 -1.345598869357757817e-06 -1.737571309877863780e-06 -1.472276169817449182e-06 -1.722566175978552435e-06
2.752941176470588225e+00 -1.686372841409149645e-06 -1.333427785646070471e-06 -1.699431395210419974e-06 -1.334938537039231021e-06 -1.725821022167486663e-06 -1.461020300255158953e-06 -1.710473709954471662e-06
2.764705882352941124e+00 -1.674643665963931884e-06 -1.322791361048105716e-06 -1.687682111619545696e-06 -1.324299584987448080e-06 -1.714019807609457126e-06 -1.449791792303002905e-06 -1.698346898762611061e-06
2.776470588235294024e+00 -1.662829974163643039e-06 -1.312146507045125828e-06 -1.675844924841105859e-06 -1.313642867677856301e-06 -1.702124898986224684e-06 -1.438518558076066579e-06 -1.686142710064927371e-06
2.788235294117646923e+00 -1.650911393677244427e-06 -1.301460054616044832e-06 -1.663899559479848670e-06 -1.302948761888207863e-06 -1.690115648247110995e-06 -1.427191413780121104e-06 -1.673840561695572903e-06
2.799999999999999822e+00 -1.638877485670714202e-06 -1.290725213741915805e-06 -1.651835639021598503e-06 -1.292206179283723385e-06 -1.677981654594481192e-06 -1.415799308012114573e-06 -1.661429673377038347e-06
2.811764705882352722e+00 -1.626734387994227515e-06 -1.279945792235186856e-06 -1.639637526023848539e-06 -1.281418376419488919e-06 -1.665729335939830062e-06 -1.404346529392381191e-06 -1.648916815948243973e-06
2.823529411764706065e+00 -1.614505305977032002e-06 -1.269139352901954219e-06 -1.627386640667149729e-06 -1.270603519775000328e-06 -1.653382592957381096e-06 -1.392852751287779505e-06 -1.636324813124210413e-06
2.835294117647058965e+00 -1.602220320384007369e-06 -1.258335281916816880e-06 -1.615067837857843957e-06 -1.259790846323475561e-06 -1.640978252721692962e-06 -1.381349136665905494e-06 -1.623691118303347680e-06
2.847058823529411864e+00 -1.589933798036865001e-06 -1.247571360302872304e-06 -1.602741287226643015e-06 -1.249018218804630310e-06 -1.628560591418890237e-06 -1.369876122769124971e-06 -1.611056317900724416e-06
2.858823529411764763e+00 -1.577690776150629084e-06 -1.236881161012125831e-06 -1.590454916631716957e-06 -1.238278967200644641e-06 -1.616179372047908827e-06 -1.358470935344000109e-06 -1.598473124749165221e-06
2.870588235294117663e+00 -1.565532085952461983e-06 -1.226301764745905110e-06 -1.578245486941251834e-06 -1.227729188967832884e-06 -1.603870378197199351e-06 -1.347171075800193078e-06 -1.585975663851857920e-06
2.882352941176470562e+00 -1.553465327212667675e-06 -1.215851331306626174e-06 -1.566124557169060958e-06 -1.217271461721918451e-06 -1.591652084527899498e-06 -1.336001113523904184e-06 -1.573595179723667724e-06
2.894117647058823461e+00 -1.541527817199077077e-06 -1.205542147005340371e-06 -1.554139231474539814e-06 -1.206893985322230953e-06 -1.579563014684897042e-06 -1.324969335226278137e-06 -1.561338578726949252e-06
2.905882352941176361e+00 -1.529704899888857769e-06 -1.195366860917805814e-06 -1.542262401401948813e-06 -1.196699413076278709e-06 -1.567584757127428387e-06 -1.314064943437294351e-06 -1.549206816910793648e-06
2.917647058823529260e+00 -1.517976898217460425e-06 -1.185301926320914424e-06 -1.530483153219163826e-06 -1.186623561120542126e-06 -1.555697613672814904e-06 -1.303278386294092198e-06 -1.537177798041766993e-06
2.929411764705882160e+00 -1.506313345192862524e-06 -1.175334513877403885e-06 -1.518774162576627258e-06 -1.176635626571742311e-06 -1.543870872794886588e-06 -1.292576617508831016e-06 -1.525220565307339109e-06
2.941176470588235503e+00 -1.494678980412169031e-06 -1.165417687156272487e-06 -1.507086953552533927e-06 -1.166709406730582235e-06 -1.532068940106944156e-06 -1.281926302937410169e-06 -1.513305861267200101e-06
2.952941176470588402e+00 -1.483049407319121147e-06 -1.155526318420553932e-06 -1.495394325199828801e-06 -1.156803239545146467e-06 -1.520258406512692285e-06 -1.271302816774381932e-06 -1.501386556748175600e-06
2.964705882352941302e+00 -1.471373433028740766e-06 -1.145637457124523075e-06 -1.483671249461228367e-06 -1.146994520706464879e-06 -1.508414185204205382e-06 -1.260667866675802868e-06 -1.489443640252785757e-06
2.976470588235294201e+00 -1.459665470841007869e-06 -1.135739643013521511e-06 -1.471905874233723883e-06 -1.136987250741952788e-06 -1.496524347137919942e-06 -1.250016619183165935e-06 -1.477464865788469899e-06
2.988235294117647101e+00 -1.447920317684399706e-06 -1.125834622482614705e-06 -1.460101954141632908e-06 -1.127067734042537815e-06 -1.484592837384869645e-06 -1.239351456979929907e-06 -1.465450292652843534e-06
3.000000000000000000e+00 -1.436156799690254348e-06 -1.115937455092592353e-06 -1.448276409701150414e-06 -1.117156202482875503e-06 -1.472638946554774736e-06 -1.228688591368379496e-06 -1.453426729483332463e-06
