Cl_Ns2048_Nl25_apo0.0 2.612E+00 4.980E-01 4.962E+01 2.656E+00 9.307E-01 4.483E+01 1.952E+00 1.013E+00 5.283E+01 1.759E+00 6.894E-01 3.942E+01 2.957E+00 2.186E+00 8.328E-01 -1.017E-02 4.530E-01 8.263E+01 2.280E+00 2.166E+00 9.935E-01 -2.480E-02 4.517E-01 9.126E+01 1.705E+00 2.043E+00 4.524E-01 -1.840E-02 2.599E-01 8.271E+01 1.262E-02 1.680E-01
Cl_Ns2048_Nl25_apo0.1 2.631E+00 4.989E-01 4.716E+01 2.780E+00 9.382E-01 4.504E+01 1.984E+00 1.020E+00 5.275E+01 1.944E+00 6.973E-01 4.018E+01 3.002E+00 2.293E+00 8.456E-01 -1.199E-02 4.549E-01 8.310E+01 2.245E+00 2.247E+00 1.007E+00 -2.635E-02 4.534E-01 9.159E+01 1.843E+00 2.133E+00 4.628E-01 -2.042E-02 2.615E-01 8.308E+01 7.981E-03 1.971E-01
Cl_Ns2048_Nl40_apo0.0 2.641E+00 5.098E-01 2.411E+01 2.793E+00 9.428E-01 2.826E+01 1.989E+00 1.025E+00 3.594E+01 1.738E+00 6.902E-01 3.076E+01 2.742E+00 2.113E+00 8.685E-01 -2.440E-03 4.830E-01 4.565E+01 1.958E+00 2.055E+00 1.029E+00 -1.621E-02 4.825E-01 5.358E+01 1.681E+00 1.830E+00 4.635E-01 -2.055E-02 2.758E-01 4.625E+01 1.058E-02 1.718E-01
Cl_Ns2048_Nl40_apo0.1 2.670E+00 5.105E-01 2.406E+01 2.900E+00 9.490E-01 2.781E+01 2.042E+00 1.031E+00 3.568E+01 1.925E+00 6.990E-01 3.011E+01 2.818E+00 2.212E+00 8.797E-01 -3.549E-03 4.874E-01 4.560E+01 1.982E+00 2.158E+00 1.039E+00 -1.718E-02 4.865E-01 5.379E+01 1.874E+00 1.904E+00 4.760E-01 -2.260E-02 2.789E-01 4.592E+01 6.979E-03 2.482E-01
Cl_Ns2048_Nl50_apo0.0 2.594E+00 5.092E-01 2.919E+01 2.549E+00 9.395E-01 1.684E+01 1.849E+00 1.020E+00 2.131E+01 1.829E+00 6.967E-01 1.948E+01 2.660E+00 2.088E+00 8.695E-01 -7.544E-03 4.734E-01 3.513E+01 2.001E+00 2.034E+00 1.027E+00 -2.543E-02 4.715E-01 3.865E+01 1.923E+00 1.853E+00 4.737E-01 -2.061E-02 2.711E-01 3.868E+01 2.700E-02 3.382E-01
Cl_Ns2048_Nl50_apo0.1 2.602E+00 5.097E-01 2.755E+01 2.690E+00 9.476E-01 1.726E+01 1.910E+00 1.027E+00 2.168E+01 2.022E+00 7.055E-01 1.883E+01 2.758E+00 2.163E+00 8.846E-01 -9.105E-03 4.758E-01 3.663E+01 2.024E+00 2.101E+00 1.041E+00 -2.721E-02 4.737E-01 4.025E+01 2.079E+00 1.910E+00 4.851E-01 -2.196E-02 2.727E-01 3.918E+01 1.896E-02 3.871E-01
Cl_Ns2048_Nl75_apo0.0 2.541E+00 5.228E-01 1.712E+01 2.236E+00 9.762E-01 1.656E+01 1.386E+00 1.056E+00 2.048E+01 1.726E+00 7.110E-01 1.229E+01 2.308E+00 2.454E+00 9.398E-01 -2.342E-03 5.108E-01 3.123E+01 1.466E+00 2.371E+00 1.106E+00 -1.863E-02 5.115E-01 3.476E+01 1.697E+00 2.093E+00 4.918E-01 -2.022E-02 2.972E-01 2.684E+01 1.052E-02 4.696E-01
Cl_Ns2048_Nl75_apo0.1 2.565E+00 5.232E-01 1.607E+01 2.362E+00 9.830E-01 1.732E+01 1.430E+00 1.063E+00 2.128E+01 1.902E+00 7.201E-01 1.262E+01 2.392E+00 2.517E+00 9.517E-01 -3.586E-03 5.136E-01 3.290E+01 1.473E+00 2.427E+00 1.119E+00 -1.893E-02 5.141E-01 3.657E+01 1.830E+00 2.138E+00 5.035E-01 -2.286E-02 2.984E-01 2.770E+01 5.594E-03 5.107E-01
wth_Ns2048_thm3.0_nb16 2.042E+00 5.505E-01 1.950E+01 1.918E+00 9.986E-01 1.432E+01 9.941E-01 1.090E+00 1.689E+01 2.101E+00 7.300E-01 1.258E+01 1.811E+00 2.109E+00 9.881E-01 -2.720E-02 5.694E-01 2.440E+01 8.798E-01 2.117E+00 9.767E-01 -2.703E-02 5.690E-01 2.949E+01 1.980E+00 1.712E+00 9.524E-01 -2.533E-02 4.978E-01 1.465E+01 1.000E+00 1.000E+00
wth_Ns2048_thm3.0_nb16 2.603E+00 5.096E-01 1.725E+01 2.805E+00 9.391E-01 1.768E+01 1.959E+00 1.022E+00 2.081E+01 1.859E+00 6.893E-01 1.578E+01 2.698E+00 2.168E+00 8.698E-01 -2.153E-02 4.797E-01 2.874E+01 1.820E+00 2.066E+00 8.600E-01 -2.140E-02 4.794E-01 3.487E+01 1.827E+00 2.002E+00 8.389E-01 -2.011E-02 4.203E-01 1.563E+01 1.000E+00 1.000E+00
wth_Ns2048_thm3.0_nb32 2.417E+00 5.043E-01 4.064E+01 2.319E+00 9.192E-01 3.911E+01 1.574E+00 1.006E+00 4.763E+01 1.562E+00 6.825E-01 4.133E+01 2.117E+00 2.317E+00 8.188E-01 -1.066E-02 4.574E-01 6.293E+01 1.319E+00 2.309E+00 8.096E-01 -1.061E-02 4.571E-01 7.798E+01 1.350E+00 2.089E+00 7.898E-01 -1.024E-02 4.013E-01 3.926E+01 1.000E+00 1.000E+00
wth_Ns2048_thm3.0_nb32 2.547E+00 5.023E-01 3.377E+01 2.691E+00 9.209E-01 3.427E+01 1.901E+00 1.003E+00 4.070E+01 1.788E+00 6.807E-01 4.376E+01 2.553E+00 2.173E+00 8.230E-01 -1.748E-02 4.524E-01 5.590E+01 1.749E+00 2.114E+00 8.138E-01 -1.744E-02 4.520E-01 6.776E+01 1.671E+00 2.168E+00 7.938E-01 -1.646E-02 3.967E-01 3.751E+01 1.000E+00 1.000E+00
wth_Ns2048_thm3.0_nb48 2.080E+00 4.730E-01 6.399E+01 2.525E+00 8.756E-01 5.314E+01 1.905E+00 9.532E-01 6.149E+01 1.635E+00 6.494E-01 5.809E+01 2.218E+00 1.968E+00 7.365E-01 -2.251E-02 3.969E-01 9.163E+01 1.532E+00 1.965E+00 7.283E-01 -2.239E-02 3.966E-01 1.081E+02 1.287E+00 1.670E+00 7.108E-01 -2.107E-02 3.486E-01 5.784E+01 1.000E+00 1.000E+00
wth_Ns2048_thm3.0_nb48 2.688E+00 4.960E-01 6.157E+01 2.536E+00 9.077E-01 4.237E+01 1.717E+00 9.863E-01 5.445E+01 1.915E+00 6.728E-01 6.342E+01 2.379E+00 2.303E+00 7.699E-01 -9.634E-03 4.420E-01 7.422E+01 1.557E+00 2.265E+00 7.612E-01 -9.676E-03 4.418E-01 9.392E+01 1.614E+00 2.250E+00 7.427E-01 -9.225E-03 3.875E-01 5.459E+01 1.000E+00 1.000E+00
